Rk,Player,Age,Team,Pos,G,GS,MP▼,FG,FGA,FG%,3P,3PA,3P%,2P,2PA,2P%,eFG%,FT,FTA,FT%,ORB,DRB,TRB,AST,STL,BLK,TOV,PF,PTS,Awards,Player-additional
1,Damian Lillard,29,POR,PG,66,66,37.5,9.5,20.4,.463,4.1,10.2,.401,5.4,10.2,.524,.563,7.0,7.8,.888,0.5,3.8,4.3,8.0,1.1,0.3,2.9,1.7,30.0,MVP-8ASNBA2,lillada01
2,James Harden,30,HOU,SG,68,68,36.5,9.9,22.3,.444,4.4,12.4,.355,5.5,9.9,.556,.543,10.2,11.8,.865,1.0,5.5,6.6,7.5,1.8,0.9,4.5,3.3,34.3,MVP-3ASNBA1,hardeja01
3,CJ McCollum,28,POR,SG,70,70,36.5,8.7,19.4,.451,2.8,7.3,.379,6.0,12.1,.494,.522,2.0,2.6,.757,0.7,3.6,4.2,4.4,0.8,0.6,1.8,2.6,22.2,,mccolcj01
4,Kyle Lowry,33,TOR,PG,58,58,36.2,5.8,13.8,.416,2.8,8.0,.352,2.9,5.8,.504,.518,5.1,5.9,.857,0.6,4.5,5.0,7.5,1.4,0.4,3.1,3.3,19.4,AS,lowryky01
5,Bradley Beal,26,WAS,SG,57,57,36.0,10.4,22.9,.455,3.0,8.4,.353,7.4,14.4,.515,.520,6.8,8.0,.842,0.9,3.3,4.2,6.1,1.2,0.4,3.4,2.2,30.5,,bealbr01
6,Russell Westbrook,31,HOU,PG,57,57,35.9,10.6,22.5,.472,1.0,3.7,.258,9.6,18.7,.514,.493,5.1,6.7,.763,1.8,6.2,7.9,7.0,1.6,0.4,4.5,3.5,27.2,ASNBA3,westbru01
7,Devin Booker,23,PHO,SG,70,70,35.9,9.0,18.3,.489,2.0,5.7,.354,6.9,12.6,.549,.544,6.7,7.3,.919,0.4,3.8,4.2,6.5,0.7,0.3,3.8,3.0,26.6,AS,bookede01
8,Fred VanVleet,25,TOR,SG,54,54,35.7,5.9,14.3,.413,2.7,6.9,.390,3.2,7.4,.434,.507,3.1,3.7,.848,0.3,3.4,3.8,6.6,1.9,0.3,2.2,2.4,17.6,,vanvlfr01
9,Ben Simmons,23,PHI,PG,57,57,35.4,6.6,11.4,.580,0.0,0.1,.286,6.5,11.2,.583,.581,3.2,5.2,.621,2.0,5.8,7.8,8.0,2.1,0.6,3.5,3.3,16.4,DPOY-4ASNBA3DEF1,simmobe01
10,Trae Young,21,ATL,PG,60,60,35.3,9.1,20.8,.437,3.4,9.5,.361,5.7,11.4,.501,.519,8.0,9.3,.860,0.5,3.7,4.3,9.3,1.1,0.1,4.8,1.7,29.6,AS,youngtr01
11,Pascal Siakam,25,TOR,PF,60,60,35.2,8.3,18.4,.453,2.2,6.1,.359,6.2,12.3,.499,.512,4.0,5.1,.792,1.1,6.3,7.3,3.5,1.0,0.9,2.5,2.8,22.9,MVP-10ASNBA2,siakapa01
12,Devonte' Graham,24,CHO,PG,63,53,35.1,5.8,15.3,.382,3.5,9.3,.373,2.4,6.0,.397,.495,3.0,3.7,.820,0.7,2.7,3.4,7.5,1.0,0.2,2.9,1.8,18.2,,grahade01
13,Domantas Sabonis,23,IND,PF,62,62,34.8,7.4,13.7,.540,0.3,1.1,.254,7.1,12.6,.565,.550,3.5,4.8,.723,3.0,9.4,12.4,5.0,0.8,0.5,2.7,3.1,18.5,AS,sabondo01
14,Zach LaVine,24,CHI,SF,60,60,34.8,9.0,20.0,.450,3.1,8.1,.380,5.9,11.9,.497,.526,4.5,5.6,.802,0.7,4.1,4.8,4.2,1.5,0.5,3.4,2.2,25.5,,lavinza01
15,Jrue Holiday,29,NOP,SG,61,61,34.7,7.5,16.5,.455,2.0,5.7,.353,5.5,10.8,.509,.516,2.1,3.0,.709,1.3,3.5,4.8,6.7,1.6,0.8,3.0,2.4,19.1,,holidjr01
16,Shai Gilgeous-Alexander,21,OKC,SG,70,70,34.7,6.8,14.5,.471,1.2,3.6,.347,5.6,10.9,.512,.514,4.1,5.1,.807,0.7,5.2,5.9,3.3,1.1,0.7,1.9,1.7,19.0,,gilgesh01
17,LeBron James,35,LAL,PG,67,67,34.6,9.6,19.4,.493,2.2,6.3,.348,7.4,13.1,.564,.550,3.9,5.7,.693,1.0,6.9,7.8,10.2,1.2,0.5,3.9,1.8,25.3,MVP-2ASNBA1,jamesle01
18,Kelly Oubre Jr.,24,PHO,SF,56,55,34.5,6.7,14.8,.452,1.9,5.5,.352,4.7,9.3,.511,.517,3.4,4.4,.780,1.2,5.3,6.4,1.5,1.3,0.7,1.5,3.4,18.7,,oubreke01
19,Harrison Barnes,27,SAC,PF,72,72,34.5,5.1,11.0,.460,1.4,3.7,.381,3.7,7.3,.501,.525,3.0,3.7,.801,1.1,3.9,4.9,2.2,0.6,0.2,1.2,1.3,14.5,,barneha02
20,Andrew Wiggins,24,2TM,SF,54,54,34.4,8.1,18.1,.447,2.1,6.2,.332,6.0,11.9,.506,.504,3.5,5.0,.709,1.2,3.9,5.1,3.7,0.8,1.0,2.4,2.4,21.8,,wiggian01
21,Anthony Davis,26,LAL,PF,62,62,34.4,8.9,17.7,.503,1.2,3.5,.330,7.7,14.2,.546,.536,7.2,8.5,.846,2.3,7.0,9.3,3.2,1.5,2.3,2.5,2.5,26.1,MVP-6DPOY-2ASNBA1DEF1,davisan02
22,Terry Rozier,25,CHO,PG,63,63,34.3,6.3,14.9,.423,2.7,6.7,.407,3.6,8.2,.436,.514,2.6,3.0,.874,0.8,3.6,4.4,4.1,1.0,0.2,2.2,2.0,18.0,,roziete01
23,Jayson Tatum,21,BOS,PF,66,66,34.3,8.4,18.6,.450,2.9,7.1,.403,5.5,11.5,.480,.527,3.8,4.7,.812,1.0,6.0,7.0,3.0,1.4,0.9,2.3,2.1,23.4,MVP-12ASNBA3,tatumja01
24,Rudy Gobert,27,UTA,C,68,68,34.3,5.7,8.2,.693,0.0,0.0,,5.7,8.2,.693,.693,3.7,5.9,.630,3.4,10.1,13.5,1.5,0.8,2.0,1.9,3.2,15.1,DPOY-3ASNBA3DEF1,goberru01
25,Tobias Harris,27,PHI,PF,72,72,34.3,7.7,16.3,.471,1.8,5.0,.367,5.9,11.3,.517,.527,2.4,3.0,.806,1.0,5.9,6.9,3.2,0.7,0.6,1.4,2.3,19.6,,harrito02
26,P.J. Tucker,34,HOU,PF,72,72,34.3,2.5,5.9,.415,1.5,4.2,.358,1.0,1.8,.551,.541,0.5,0.7,.813,1.6,5.1,6.6,1.6,1.1,0.5,1.0,3.2,6.9,,tuckepj01
27,Donovan Mitchell,23,UTA,SG,69,69,34.3,8.7,19.4,.449,2.5,6.9,.366,6.2,12.6,.494,.513,4.0,4.7,.863,0.8,3.6,4.4,4.3,1.0,0.2,2.7,2.5,24.0,AS,mitchdo01
28,DeMar DeRozan,30,SAS,SF,68,68,34.1,8.2,15.4,.531,0.1,0.5,.257,8.1,14.9,.540,.535,5.6,6.6,.845,0.6,4.9,5.5,5.6,1.0,0.3,2.4,2.6,22.1,,derozde01
29,Brandon Ingram,22,NOP,PF,62,62,33.9,8.2,17.7,.463,2.4,6.2,.391,5.8,11.5,.501,.531,5.0,5.9,.851,0.8,5.3,6.1,4.2,1.0,0.6,3.0,2.9,23.8,MIP-1AS,ingrabr01
30,Jaylen Brown,23,BOS,SG,57,57,33.9,7.5,15.6,.481,2.3,5.9,.382,5.2,9.6,.543,.554,3.1,4.3,.724,1.1,5.3,6.4,2.1,1.1,0.4,2.2,2.9,20.3,,brownja02
31,Jimmy Butler,30,MIA,SF,58,58,33.8,5.9,13.1,.455,0.5,2.1,.244,5.4,11.0,.495,.474,7.6,9.1,.834,1.8,4.8,6.7,6.0,1.8,0.6,2.2,1.4,19.9,MVP-11ASNBA3,butleji01
32,Bam Adebayo,22,MIA,PF,72,72,33.6,6.1,11.0,.557,0.0,0.2,.143,6.1,10.8,.564,.558,3.7,5.3,.691,2.4,7.8,10.2,5.1,1.1,1.3,2.8,2.5,15.9,DPOY-5ASDEF2,adebaba01
33,Luka Dončić,20,DAL,PG,61,61,33.6,9.5,20.6,.463,2.8,8.9,.316,6.7,11.7,.574,.531,7.0,9.2,.758,1.3,8.1,9.4,8.8,1.0,0.2,4.3,2.5,28.8,MVP-4ASNBA1,doncilu01
34,Gordon Hayward,29,BOS,SF,52,52,33.5,6.7,13.5,.500,1.6,4.3,.383,5.1,9.2,.554,.561,2.4,2.8,.855,1.1,5.6,6.7,4.1,0.7,0.4,1.8,1.8,17.5,,haywago01
35,LaMarcus Aldridge,34,SAS,C,53,53,33.1,7.4,15.0,.493,1.2,3.0,.389,6.2,12.0,.519,.532,3.0,3.6,.827,1.9,5.5,7.4,2.4,0.7,1.6,1.4,2.4,18.9,,aldrila01
36,Bojan Bogdanović,30,UTA,SF,63,63,33.1,6.6,14.8,.447,3.0,7.3,.414,3.6,7.6,.479,.548,4.0,4.4,.903,0.6,3.5,4.1,2.1,0.5,0.1,2.5,1.7,20.2,,bogdabo02
37,Will Barton,29,DEN,SF,58,58,33.0,5.7,12.7,.450,1.9,5.0,.375,3.9,7.8,.498,.523,1.8,2.3,.767,1.3,5.0,6.3,3.7,1.1,0.5,1.5,2.1,15.1,,bartowi01
38,Collin Sexton,21,CLE,PG,65,65,33.0,7.9,16.7,.472,1.5,3.9,.380,6.4,12.8,.501,.517,3.5,4.1,.846,0.9,2.2,3.1,3.0,1.0,0.1,2.4,2.2,20.8,,sextoco01
39,Andre Drummond,26,2TM,C,57,56,33.0,7.3,13.8,.533,0.1,0.6,.143,7.2,13.1,.551,.536,3.0,5.2,.575,4.4,10.8,15.2,2.7,1.9,1.6,3.6,3.5,17.7,DPOY-8,drumman01
40,T.J. Warren,26,IND,SF,67,67,32.9,8.0,14.9,.536,1.4,3.4,.403,6.6,11.5,.575,.581,2.5,3.0,.819,1.0,3.2,4.2,1.5,1.2,0.5,1.3,2.8,19.8,,warretj01
41,Carmelo Anthony,35,POR,PF,58,58,32.8,5.8,13.5,.430,1.5,3.9,.385,4.3,9.6,.448,.485,2.3,2.8,.845,1.2,5.1,6.3,1.5,0.8,0.5,1.7,2.9,15.4,,anthoca01
42,Aaron Gordon,24,ORL,PF,62,62,32.5,5.4,12.4,.437,1.2,3.8,.308,4.2,8.5,.494,.484,2.4,3.6,.674,1.7,5.9,7.7,3.7,0.8,0.6,1.6,2.0,14.4,,gordoaa01
43,Julius Randle,25,NYK,PF,64,64,32.5,7.2,15.7,.460,1.0,3.6,.277,6.2,12.1,.515,.492,4.0,5.5,.733,2.4,7.4,9.7,3.1,0.8,0.3,3.0,2.8,19.5,,randlju01
44,Kawhi Leonard,28,LAC,SF,57,57,32.4,9.3,19.9,.470,2.2,5.7,.378,7.2,14.2,.506,.524,6.2,7.1,.886,0.9,6.1,7.1,4.9,1.8,0.6,2.6,2.0,27.1,MVP-5DPOY-8ASNBA2DEF2,leonaka01
45,Jamal Murray,22,DEN,PG,59,59,32.3,6.9,15.2,.456,1.9,5.5,.346,5.0,9.7,.519,.519,2.8,3.1,.881,0.8,3.2,4.0,4.8,1.1,0.3,2.2,1.7,18.5,,murraja01
46,Nikola Vučević,29,ORL,C,62,62,32.2,8.0,16.7,.477,1.6,4.7,.339,6.4,12.0,.531,.525,2.1,2.7,.784,2.3,8.6,10.9,3.6,0.9,0.8,1.4,2.2,19.6,,vucevni01
47,Lonzo Ball,22,NOP,PG,63,54,32.1,4.4,10.9,.403,2.3,6.3,.375,2.0,4.6,.442,.511,0.7,1.2,.566,1.1,5.0,6.1,7.0,1.4,0.6,3.1,2.0,11.8,,balllo01
48,De'Aaron Fox,22,SAC,PG,51,49,32.0,7.7,16.0,.480,1.1,3.6,.292,6.6,12.4,.535,.513,4.7,6.7,.705,0.7,3.2,3.8,6.8,1.5,0.5,3.1,2.8,21.1,,foxde01
49,De'Andre Hunter,22,ATL,SF,63,62,32.0,4.4,10.8,.410,1.7,4.8,.355,2.7,6.0,.454,.489,1.7,2.3,.764,0.7,3.8,4.5,1.8,0.7,0.3,1.6,2.9,12.3,,huntede01
50,Nikola Jokić,24,DEN,C,73,73,32.0,7.7,14.7,.528,1.1,3.5,.314,6.6,11.2,.594,.565,3.4,4.1,.817,2.3,7.5,9.7,7.0,1.2,0.6,3.1,3.0,19.9,MVP-9ASNBA2,jokicni01
51,Marcus Smart,25,BOS,SG,60,40,32.0,4.3,11.4,.375,2.3,6.6,.347,2.0,4.8,.415,.476,2.1,2.5,.836,0.7,3.1,3.8,4.9,1.7,0.5,1.7,2.7,12.9,DPOY-6DEF1,smartma01
52,Kristaps Porziņģis,24,DAL,C,57,57,31.8,7.0,16.4,.427,2.5,7.1,.352,4.5,9.3,.484,.503,4.0,5.0,.799,1.8,7.7,9.5,1.8,0.7,2.0,1.6,3.2,20.4,,porzikr01
53,Kevin Love,31,CLE,PF,56,56,31.8,5.8,13.0,.450,2.6,7.0,.374,3.2,6.0,.537,.550,3.3,3.9,.854,1.0,8.8,9.8,3.2,0.6,0.3,2.5,1.6,17.6,,loveke01
54,Gary Harris,25,DEN,SG,56,55,31.8,3.9,9.3,.420,1.3,3.8,.333,2.6,5.5,.479,.487,1.3,1.6,.815,0.5,2.4,2.9,2.1,1.4,0.3,1.1,2.1,10.4,,harriga01
55,Chris Paul,34,OKC,PG,70,70,31.5,6.2,12.7,.489,1.6,4.3,.365,4.6,8.3,.554,.552,3.6,4.0,.907,0.4,4.6,5.0,6.7,1.6,0.2,2.3,2.3,17.6,MVP-7ASNBA2,paulch01
56,Evan Fournier,27,ORL,SF,66,66,31.5,6.6,14.1,.467,2.6,6.6,.399,4.0,7.5,.527,.560,2.7,3.3,.818,0.3,2.3,2.6,3.2,1.1,0.2,1.9,2.4,18.5,,fournev01
57,Kevin Huerter,21,ATL,SG,56,48,31.4,4.5,10.9,.413,2.3,6.0,.380,2.2,4.9,.453,.517,0.9,1.1,.828,0.6,3.4,4.1,3.8,0.9,0.5,1.6,2.5,12.2,,huertke01
58,Marcus Morris,30,2TM,PF,62,62,31.2,5.7,13.1,.438,2.3,5.6,.408,3.4,7.5,.461,.526,2.9,3.5,.823,1.0,4.1,5.0,1.4,0.8,0.5,1.6,2.9,16.7,,morrima03
59,Spencer Dinwiddie,26,BRK,PG,64,49,31.2,6.6,16.0,.415,1.9,6.3,.308,4.7,9.7,.485,.476,5.4,7.0,.778,0.5,3.0,3.5,6.8,0.6,0.3,2.7,2.8,20.6,,dinwisp01
60,Kemba Walker,29,BOS,PG,56,56,31.1,6.8,15.9,.425,3.2,8.4,.381,3.5,7.4,.476,.526,3.7,4.3,.864,0.6,3.2,3.9,4.8,0.9,0.5,2.1,1.6,20.4,AS,walkeke02
61,Ricky Rubio,29,PHO,PG,65,65,31.0,4.4,10.6,.415,1.2,3.3,.361,3.2,7.3,.439,.471,3.0,3.5,.863,0.7,4.0,4.7,8.8,1.4,0.2,2.7,2.6,13.0,,rubiori01
62,Ja Morant,20,MEM,PG,67,67,31.0,6.7,14.0,.477,0.9,2.7,.335,5.8,11.3,.511,.509,3.6,4.6,.776,0.8,3.1,3.9,7.3,0.9,0.3,3.3,1.6,17.8,ROY-1,moranja01
63,Darius Garland,20,CLE,SG,59,59,30.9,4.7,11.8,.401,1.8,5.0,.355,3.0,6.8,.434,.476,1.1,1.2,.875,0.5,1.4,1.9,3.9,0.7,0.1,2.6,1.6,12.3,,garlada01
64,Malcolm Brogdon,27,IND,PG,54,54,30.9,6.0,13.8,.438,1.4,4.3,.326,4.6,9.5,.488,.489,3.1,3.4,.892,0.9,4.0,4.9,7.1,0.6,0.2,2.4,1.8,16.5,,brogdma01
65,Josh Richardson,26,PHI,SG,55,53,30.8,5.1,11.7,.430,1.5,4.5,.341,3.5,7.2,.486,.496,2.1,2.6,.809,0.7,2.4,3.2,2.9,0.9,0.7,1.9,2.5,13.7,,richajo01
66,Buddy Hield,27,SAC,SG,72,44,30.8,6.9,16.1,.429,3.8,9.6,.394,3.2,6.6,.479,.545,1.6,1.9,.846,0.8,3.8,4.6,3.0,0.9,0.2,2.3,2.3,19.2,,hieldbu01
67,Joe Harris,28,BRK,SF,69,69,30.8,5.5,11.4,.486,2.5,5.9,.424,3.0,5.5,.553,.596,0.9,1.3,.719,0.9,3.4,4.3,2.1,0.6,0.2,1.5,2.3,14.5,,harrijo01
68,Dennis Schröder,26,OKC,PG,65,2,30.8,7.0,14.8,.469,1.9,5.0,.385,5.0,9.8,.513,.534,3.0,3.6,.839,0.3,3.3,3.6,4.0,0.7,0.2,2.6,2.2,18.9,6MOY-2,schrode01
69,Miles Bridges,21,CHO,SF,65,64,30.7,4.9,11.6,.424,1.5,4.6,.330,3.4,7.0,.486,.489,1.6,2.0,.809,1.4,4.2,5.6,1.8,0.6,0.7,1.5,2.0,13.0,,bridgmi02
70,Robert Covington,29,2TM,C,70,68,30.5,4.4,10.3,.422,2.3,6.9,.335,2.1,3.5,.593,.533,1.4,1.8,.798,0.9,5.7,6.6,1.3,1.6,1.3,1.5,3.1,12.4,,covinro01
71,Giannis Antetokounmpo,25,MIL,PF,63,63,30.4,10.9,19.7,.553,1.4,4.7,.304,9.5,15.0,.631,.589,6.3,10.0,.633,2.2,11.4,13.6,5.6,1.0,1.0,3.7,3.1,29.5,MVP-1DPOY-1ASNBA1DEF1,antetgi01
72,RJ Barrett,19,NYK,SG,56,55,30.4,5.2,13.0,.402,1.1,3.5,.320,4.1,9.5,.432,.445,2.8,4.5,.614,0.9,4.1,5.0,2.6,1.0,0.3,2.2,2.2,14.3,ROY-8,barrerj01
73,Danuel House Jr.,26,HOU,SF,63,52,30.4,3.7,8.6,.427,2.0,5.6,.363,1.6,2.9,.549,.546,1.2,1.4,.811,0.9,3.3,4.2,1.3,1.1,0.5,0.9,2.1,10.5,,houseda01
74,P.J. Washington,21,CHO,PF,58,57,30.3,4.6,10.2,.455,1.5,4.0,.374,3.1,6.2,.507,.528,1.5,2.3,.647,1.0,4.4,5.4,2.1,0.9,0.8,1.6,2.7,12.2,,washipj01
75,Al Horford,33,PHI,C,67,61,30.2,4.8,10.6,.450,1.5,4.2,.350,3.3,6.4,.516,.520,0.9,1.2,.763,1.5,5.3,6.8,4.0,0.8,0.9,1.2,2.1,11.9,,horfoal01
76,Tristan Thompson,28,CLE,C,57,51,30.2,5.1,9.9,.512,0.2,0.4,.391,4.9,9.5,.518,.520,1.7,2.8,.615,4.0,6.2,10.1,2.1,0.6,0.9,1.8,2.2,12.0,,thomptr01
77,Hassan Whiteside,30,POR,C,67,61,30.0,6.5,10.5,.621,0.1,0.1,.571,6.4,10.4,.622,.624,2.4,3.6,.686,3.9,9.7,13.5,1.2,0.4,2.9,1.8,2.9,15.5,DPOY-11,whiteha01
78,OG Anunoby,22,TOR,SF,69,68,29.9,4.1,8.2,.505,1.3,3.3,.390,2.9,4.9,.583,.584,1.0,1.5,.706,1.2,4.1,5.3,1.6,1.4,0.7,1.1,2.4,10.6,,anunoog01
79,Khris Middleton,28,MIL,SF,62,59,29.9,7.6,15.3,.497,2.4,5.7,.415,5.2,9.6,.546,.575,3.4,3.7,.916,0.7,5.5,6.2,4.3,0.9,0.1,2.2,2.3,20.9,AS,middlkh01
80,Dorian Finney-Smith,26,DAL,PF,71,68,29.9,3.4,7.4,.466,1.6,4.3,.376,1.8,3.1,.589,.575,1.1,1.5,.722,2.0,3.7,5.7,1.6,0.6,0.5,1.0,2.5,9.5,,finnedo01
81,Lauri Markkanen,22,CHI,PF,50,50,29.8,5.0,11.8,.425,2.2,6.3,.344,2.8,5.5,.518,.517,2.5,3.1,.824,1.2,5.1,6.3,1.5,0.8,0.5,1.6,1.9,14.7,,markkla01
82,Joe Ingles,32,UTA,PF,72,45,29.7,3.4,7.7,.445,2.0,4.9,.399,1.5,2.8,.525,.572,1.0,1.3,.787,0.4,3.5,3.9,5.2,0.9,0.2,2.0,2.1,9.8,,inglejo01
83,Duncan Robinson,25,MIA,SG,73,68,29.7,4.4,9.4,.470,3.7,8.3,.446,0.7,1.1,.654,.667,0.9,1.0,.931,0.1,3.0,3.2,1.4,0.5,0.3,1.0,2.6,13.5,,robindu01
84,Danilo Gallinari,31,OKC,PF,62,62,29.6,5.8,13.2,.438,2.9,7.1,.405,2.9,6.1,.476,.547,4.3,4.8,.893,0.5,4.6,5.2,1.9,0.7,0.1,1.2,1.2,18.7,,gallida01
85,Myles Turner,23,IND,C,62,62,29.5,4.3,9.5,.457,1.4,4.0,.344,2.9,5.4,.540,.530,2.0,2.7,.751,1.4,5.2,6.6,1.2,0.7,2.1,1.4,2.7,12.1,,turnemy01
86,Tim Hardaway Jr.,27,DAL,SG,71,58,29.5,5.4,12.5,.434,2.9,7.2,.398,2.5,5.2,.485,.550,2.1,2.6,.819,0.4,2.9,3.3,1.9,0.6,0.1,1.0,1.8,15.8,,hardati02
87,Cedi Osman,24,CLE,SF,65,65,29.4,4.1,9.4,.437,1.9,4.9,.383,2.2,4.4,.497,.538,1.0,1.4,.670,0.6,3.0,3.6,2.4,0.8,0.2,1.4,2.5,11.0,,osmande01
88,Dāvis Bertāns,27,WAS,PF,54,4,29.3,4.9,11.3,.434,3.7,8.7,.424,1.2,2.6,.471,.598,1.9,2.3,.852,0.6,3.9,4.5,1.7,0.7,0.6,1.1,2.6,15.4,6MOY-8,bertada01
89,Kendrick Nunn,24,MIA,PG,67,67,29.3,6.0,13.6,.439,2.0,5.8,.350,3.9,7.8,.505,.514,1.3,1.5,.850,0.3,2.4,2.7,3.3,0.8,0.2,1.7,2.3,15.3,ROY-2,nunnke01
90,Damion Lee,27,GSW,SG,49,36,29.0,4.3,10.4,.417,1.7,4.9,.356,2.6,5.6,.471,.500,2.2,2.6,.873,0.7,4.2,4.9,2.7,1.0,0.1,1.4,2.4,12.7,,leeda03
91,Taurean Prince,25,BRK,PF,64,61,29.0,4.3,11.5,.376,2.3,6.7,.339,2.1,4.8,.429,.475,1.1,1.4,.798,0.8,5.2,6.0,1.8,0.9,0.4,2.0,2.5,12.1,,princta02
92,Bogdan Bogdanović,27,SAC,SG,61,28,29.0,5.5,12.6,.440,2.7,7.2,.372,2.8,5.3,.532,.547,1.4,1.9,.741,0.4,3.0,3.4,3.4,1.0,0.2,1.7,2.2,15.1,,bogdabo01
93,Dillon Brooks,24,MEM,SG,73,73,28.9,6.0,14.6,.407,2.0,5.6,.358,3.9,9.0,.438,.476,2.2,2.8,.808,0.9,2.4,3.3,2.1,0.9,0.4,1.7,3.8,16.2,,brookdi01
94,Tomáš Satoranský,28,CHI,SG,65,64,28.9,3.6,8.5,.430,1.0,3.1,.322,2.7,5.4,.491,.488,1.6,1.9,.876,1.2,2.7,3.9,5.4,1.2,0.1,2.0,2.1,9.9,,satorto01
95,Royce O'Neale,26,UTA,SF,71,62,28.9,2.2,5.1,.433,1.3,3.4,.377,0.9,1.7,.545,.559,0.6,0.8,.764,0.4,5.1,5.5,2.5,0.8,0.5,0.9,2.8,6.3,,onealro01
96,Jae Crowder,29,2TM,SF,65,53,28.8,3.5,8.7,.401,2.1,6.1,.343,1.4,2.6,.538,.521,1.5,1.9,.776,0.8,5.1,5.9,2.5,1.1,0.4,1.1,2.2,10.5,,crowdja01
97,Glenn Robinson III,26,2TM,SF,62,52,28.8,4.6,9.5,.486,1.2,3.2,.391,3.4,6.4,.534,.552,1.2,1.4,.860,1.3,3.0,4.4,1.5,0.9,0.3,0.9,1.6,11.7,,robingl02
98,Lou Williams,33,LAC,PG,65,8,28.7,6.0,14.4,.418,1.7,4.8,.352,4.3,9.6,.451,.477,4.5,5.2,.861,0.5,2.6,3.1,5.6,0.7,0.2,2.8,1.2,18.2,6MOY-3,willilo02
99,Jaren Jackson Jr.,20,MEM,C,57,57,28.5,6.2,13.2,.469,2.5,6.5,.394,3.6,6.8,.540,.565,2.4,3.3,.747,1.0,3.6,4.6,1.4,0.7,1.6,1.7,4.1,17.4,,jacksja02
100,Norman Powell,26,TOR,SG,52,26,28.4,5.7,11.5,.495,2.1,5.3,.399,3.6,6.3,.575,.586,2.5,2.9,.843,0.5,3.2,3.7,1.8,1.2,0.4,1.5,2.1,16.0,,powelno01
101,Goran Dragić,33,MIA,PG,59,3,28.2,5.4,12.3,.441,2.1,5.7,.367,3.3,6.5,.505,.526,3.2,4.2,.776,0.5,2.7,3.2,5.1,0.7,0.2,2.4,2.1,16.2,6MOY-6,dragigo01
102,Bruce Brown,23,DET,PG,58,43,28.2,3.4,7.7,.443,0.6,1.7,.344,2.8,6.1,.470,.480,1.5,2.1,.739,1.1,3.7,4.7,4.0,1.1,0.5,1.7,2.8,8.9,,brownbr01
103,Trevor Ariza,34,2TM,SF,53,21,28.2,2.7,6.1,.438,1.5,3.9,.372,1.2,2.2,.556,.557,1.2,1.4,.838,0.6,4.0,4.6,1.7,1.3,0.3,1.1,2.1,8.0,,arizatr01
104,Mikal Bridges,23,PHO,SF,73,32,28.0,3.4,6.6,.510,1.0,2.7,.361,2.4,4.0,.610,.583,1.4,1.7,.844,0.9,3.1,4.0,1.8,1.4,0.6,1.0,2.2,9.1,,bridgmi01
105,Nemanja Bjelica,31,SAC,PF,72,67,27.9,4.4,9.1,.481,1.9,4.4,.419,2.5,4.6,.541,.583,1.0,1.2,.821,1.5,4.8,6.4,2.8,0.9,0.6,1.4,3.0,11.5,,bjeline01
106,Garrett Temple,33,BRK,SG,62,35,27.9,3.6,9.5,.378,2.0,6.2,.329,1.5,3.2,.473,.486,1.1,1.4,.805,0.5,3.0,3.5,2.5,0.8,0.5,1.0,1.7,10.3,,templga01
107,Tony Snell,28,DET,SF,59,57,27.8,2.9,6.5,.445,1.7,4.3,.402,1.2,2.2,.531,.579,0.5,0.5,1.000,0.2,1.7,1.9,2.2,0.5,0.3,0.5,1.7,8.0,,snellto01
108,Montrezl Harrell,26,LAC,C,63,2,27.8,7.5,12.9,.580,0.0,0.3,.000,7.5,12.6,.593,.580,3.7,5.6,.658,2.6,4.5,7.1,1.7,0.6,1.1,1.7,2.3,18.6,6MOY-1,harremo01
109,Markelle Fultz,21,ORL,PG,72,60,27.7,5.0,10.7,.465,0.5,1.9,.267,4.5,8.8,.507,.488,1.6,2.2,.730,0.6,2.7,3.3,5.1,1.3,0.2,2.0,2.0,12.1,,fultzma01
110,Eric Paschall,23,GSW,PF,60,26,27.6,5.3,10.7,.497,0.6,2.2,.287,4.7,8.5,.550,.526,2.7,3.5,.774,1.4,3.2,4.6,2.1,0.5,0.2,1.6,2.1,14.0,ROY-6,pascher01
111,Tyler Herro,20,MIA,SG,55,8,27.4,4.9,11.5,.428,2.1,5.4,.389,2.8,6.1,.462,.520,1.6,1.8,.870,0.3,3.8,4.1,2.2,0.6,0.2,1.6,1.4,13.5,,herroty01
112,Landry Shamet,22,LAC,SG,53,30,27.4,3.0,7.4,.404,2.1,5.6,.375,0.9,1.8,.495,.546,1.2,1.4,.855,0.1,1.8,1.9,1.9,0.4,0.2,0.8,2.7,9.3,,shamela01
113,Terrence Ross,28,ORL,SG,69,0,27.4,4.9,12.3,.403,2.6,7.3,.351,2.4,5.0,.480,.508,2.3,2.7,.853,0.2,3.0,3.2,1.2,1.1,0.3,1.0,1.6,14.7,,rosste01
114,Serge Ibaka,30,TOR,C,55,27,27.0,6.2,12.2,.512,1.3,3.3,.385,5.0,8.9,.559,.564,1.6,2.3,.718,2.1,6.1,8.2,1.4,0.5,0.8,2.0,2.8,15.4,,ibakase01
115,Josh Hart,24,NOP,SF,65,16,27.0,3.5,8.2,.423,1.9,5.4,.342,1.6,2.7,.584,.537,1.3,1.8,.739,0.9,5.6,6.5,1.7,1.0,0.4,1.2,2.5,10.1,,hartjo01
116,Eric Bledsoe,30,MIL,PG,61,61,27.0,5.5,11.5,.475,1.2,3.5,.344,4.3,8.0,.533,.528,2.8,3.5,.790,0.7,3.9,4.6,5.4,0.9,0.4,2.4,2.1,14.9,DEF2,bledser01
117,Cam Reddish,20,ATL,SF,58,34,26.7,3.7,9.6,.384,1.4,4.3,.332,2.2,5.2,.428,.459,1.7,2.2,.802,0.6,3.1,3.7,1.5,1.1,0.5,1.7,2.3,10.5,,reddica01
118,Brook Lopez,31,MIL,C,68,67,26.7,4.3,9.9,.435,1.5,4.8,.314,2.8,5.1,.549,.511,1.9,2.2,.836,0.9,3.7,4.6,1.5,0.7,2.4,1.0,2.4,12.0,DPOY-10DEF2,lopezbr01
119,Steven Adams,26,OKC,C,63,63,26.7,4.5,7.6,.592,0.0,0.0,.333,4.5,7.5,.594,.593,1.9,3.2,.582,3.3,6.0,9.3,2.3,0.8,1.1,1.5,1.9,10.9,,adamsst01
120,Jerami Grant,25,DEN,PF,71,24,26.6,4.3,8.9,.478,1.4,3.5,.389,2.9,5.4,.537,.555,2.1,2.8,.750,0.8,2.7,3.5,1.2,0.7,0.8,0.9,2.2,12.0,,grantje01
121,Alec Burks,28,2TM,SF,66,19,26.6,4.9,11.6,.418,1.8,4.6,.385,3.1,7.1,.439,.493,3.6,4.0,.887,0.7,3.5,4.3,2.9,0.9,0.3,1.4,1.9,15.0,,burksal01
122,Jarrett Allen,21,BRK,C,70,64,26.5,4.3,6.6,.649,0.0,0.1,.000,4.3,6.6,.658,.649,2.4,3.9,.633,3.1,6.5,9.6,1.6,0.6,1.3,1.1,2.3,11.1,DPOY-12,allenja01
123,Jonas Valančiūnas,27,MEM,C,70,70,26.4,6.2,10.6,.585,0.5,1.3,.352,5.7,9.3,.617,.606,2.1,2.9,.740,3.0,8.2,11.3,1.9,0.4,1.1,1.8,2.6,14.9,,valanjo01
124,JJ Redick,35,NOP,SG,60,36,26.4,4.8,10.5,.453,3.0,6.6,.453,1.8,3.9,.453,.596,2.8,3.1,.892,0.2,2.4,2.5,2.0,0.3,0.2,1.3,1.6,15.3,,redicjj01
125,Patrick Beverley,31,LAC,PG,51,50,26.3,2.9,6.7,.431,1.6,4.0,.388,1.3,2.6,.496,.548,0.6,0.9,.660,1.1,4.1,5.2,3.6,1.1,0.5,1.3,3.1,7.9,DPOY-6DEF2,beverpa01
126,Larry Nance Jr.,27,CLE,PF,56,10,26.3,4.1,7.7,.531,1.0,2.8,.352,3.1,4.9,.636,.596,0.9,1.3,.676,1.9,5.4,7.3,2.2,1.0,0.4,1.1,1.6,10.1,,nancela02
127,Ish Smith,31,WAS,PG,68,23,26.3,4.5,10.1,.447,0.9,2.5,.367,3.6,7.6,.473,.492,0.9,1.3,.721,0.4,2.8,3.2,4.9,0.9,0.4,1.4,1.6,10.9,,smithis01
128,Derrick Rose,31,DET,PG,50,15,26.0,7.4,15.1,.490,0.9,2.9,.306,6.5,12.1,.535,.520,2.4,2.8,.871,0.5,1.9,2.4,5.6,0.8,0.3,2.5,1.0,18.1,6MOY-7,rosede01
129,Troy Brown Jr.,20,WAS,SF,69,22,25.8,4.0,9.0,.439,0.9,2.6,.341,3.1,6.4,.479,.488,1.6,2.0,.784,1.1,4.4,5.6,2.6,1.2,0.1,1.1,1.9,10.4,,browntr01
130,Langston Galloway,28,DET,SG,66,6,25.8,3.6,8.2,.435,2.0,5.0,.399,1.6,3.2,.493,.557,1.1,1.3,.859,0.5,1.8,2.3,1.5,0.7,0.2,0.6,1.5,10.3,,gallola01
131,Coby White,19,CHI,PG,65,1,25.8,4.8,12.2,.394,2.0,5.8,.354,2.8,6.4,.430,.478,1.6,2.0,.791,0.4,3.1,3.5,2.7,0.8,0.1,1.7,1.8,13.2,ROY-5,whiteco01
132,Dejounte Murray,23,SAS,PG,66,58,25.6,4.5,9.7,.462,0.6,1.7,.369,3.8,8.0,.481,.494,1.4,1.7,.798,1.0,4.8,5.8,4.1,1.7,0.3,1.9,2.2,10.9,,murrade01
133,Maxi Kleber,28,DAL,PF,74,21,25.5,3.2,6.9,.461,1.6,4.3,.373,1.6,2.6,.605,.577,1.1,1.3,.849,1.5,3.7,5.2,1.2,0.3,1.1,0.8,2.4,9.1,,klebima01
134,Kentavious Caldwell-Pope,26,LAL,SG,69,26,25.5,3.4,7.3,.467,1.3,3.5,.385,2.1,3.9,.541,.558,1.1,1.5,.775,0.6,1.5,2.1,1.6,0.8,0.2,0.9,1.9,9.3,,caldwke01
135,Bryn Forbes,26,SAS,SG,63,62,25.1,3.8,9.2,.417,2.3,6.0,.388,1.5,3.2,.470,.544,1.2,1.4,.833,0.2,1.8,2.0,1.7,0.5,0.0,0.9,1.8,11.2,,forbebr01
136,Kyle Kuzma,24,LAL,PF,61,9,25.0,4.8,11.0,.436,1.4,4.5,.316,3.4,6.5,.518,.500,1.9,2.5,.735,0.9,3.6,4.5,1.3,0.5,0.4,1.5,2.1,12.8,,kuzmaky01
137,Justin Holiday,30,IND,SF,73,6,25.0,2.8,6.7,.428,1.8,4.5,.405,1.0,2.1,.477,.566,0.7,0.9,.791,0.4,2.8,3.3,1.3,1.2,0.6,0.6,1.9,8.3,,holidju01
138,Josh Okogie,21,MIN,SG,62,28,25.0,2.7,6.4,.427,0.7,2.5,.266,2.1,3.9,.529,.479,2.5,3.1,.796,1.4,2.9,4.3,1.6,1.1,0.4,1.4,2.2,8.6,,okogijo01
139,D.J. Augustin,32,ORL,PG,57,13,24.9,3.2,8.1,.399,1.2,3.5,.348,2.0,4.6,.438,.475,2.8,3.2,.890,0.4,1.8,2.1,4.6,0.6,0.0,1.5,1.3,10.5,,augusdj01
140,Kris Dunn,25,CHI,PG,51,32,24.9,3.0,6.7,.444,0.6,2.2,.259,2.4,4.5,.535,.487,0.8,1.1,.741,0.5,3.2,3.6,3.4,2.0,0.3,1.3,3.1,7.3,,dunnkr01
141,Thaddeus Young,31,CHI,PF,64,16,24.9,4.2,9.4,.448,1.2,3.5,.356,3.0,5.9,.501,.513,0.7,1.1,.583,1.5,3.5,4.9,1.8,1.4,0.4,1.6,2.1,10.3,,youngth01
142,Kent Bazemore,30,2TM,SF,68,21,24.8,2.9,7.9,.375,1.2,3.6,.344,1.7,4.3,.400,.453,1.7,2.2,.769,0.4,3.9,4.3,1.4,1.1,0.6,1.3,2.9,8.8,,bazemke01
143,Jeff Teague,31,2TM,PG,59,17,24.8,3.6,8.3,.436,0.7,2.0,.368,2.9,6.3,.457,.480,2.9,3.3,.873,0.5,1.9,2.4,5.2,0.7,0.3,2.0,1.8,10.9,,teaguje01
144,Danny Green,32,LAL,SG,68,68,24.8,2.9,7.0,.416,1.8,4.8,.367,1.1,2.2,.524,.542,0.5,0.7,.688,0.8,2.6,3.3,1.3,1.3,0.5,0.9,2.0,8.0,,greenda02
145,Dario Šarić,25,PHO,PF,66,51,24.7,3.9,8.2,.476,1.3,3.6,.357,2.6,4.6,.568,.554,1.6,1.9,.844,1.5,4.6,6.2,1.9,0.6,0.2,1.3,2.4,10.7,,saricda01
146,Derrick White,25,SAS,SG,68,20,24.7,3.7,8.1,.458,1.2,3.2,.366,2.6,4.9,.518,.530,2.6,3.1,.853,0.5,2.8,3.3,3.5,0.6,0.9,1.3,2.2,11.3,,whitede01
147,Seth Curry,29,DAL,SG,64,25,24.6,4.4,9.0,.495,2.3,5.0,.452,2.2,4.0,.549,.621,1.3,1.5,.825,0.4,1.8,2.3,1.9,0.6,0.1,1.0,1.8,12.4,,curryse01
148,Aaron Holiday,23,IND,PG,66,33,24.5,3.5,8.5,.414,1.3,3.3,.394,2.2,5.2,.427,.491,1.1,1.3,.851,0.3,2.0,2.4,3.4,0.8,0.2,1.3,1.8,9.5,,holidaa01
149,Cory Joseph,28,SAC,PG,72,26,24.4,2.4,5.7,.415,0.8,2.2,.352,1.6,3.5,.455,.483,0.8,1.0,.857,0.6,2.0,2.6,3.5,0.7,0.3,1.1,1.8,6.4,,josepco01
150,Wesley Matthews,33,MIL,SG,67,67,24.4,2.5,6.3,.396,1.6,4.4,.364,0.9,1.9,.472,.524,0.8,1.0,.765,0.3,2.1,2.5,1.4,0.6,0.1,0.6,1.5,7.4,,matthwe02
151,Derrick Favors,28,NOP,C,51,49,24.4,4.1,6.6,.617,0.0,0.1,.143,4.1,6.5,.627,.618,0.8,1.4,.563,3.2,6.6,9.8,1.6,0.6,0.9,1.1,2.1,9.0,,favorde01
152,Daniel Theis,27,BOS,C,65,64,24.1,3.7,6.6,.566,0.5,1.5,.333,3.2,5.1,.633,.603,1.3,1.8,.763,2.2,4.4,6.6,1.7,0.6,1.3,0.8,3.4,9.2,,theisda01
153,Jordan Clarkson,27,2TM,SG,71,2,24.0,5.5,12.2,.454,2.1,5.8,.368,3.4,6.4,.533,.542,1.9,2.3,.836,0.7,1.9,2.6,1.9,0.6,0.2,1.4,1.5,15.2,,clarkjo01
154,Shabazz Napier,28,2TM,PG,56,32,24.0,3.4,8.1,.412,1.4,4.3,.317,2.0,3.9,.519,.496,2.3,2.7,.824,0.5,2.4,2.8,4.7,1.2,0.2,2.3,1.8,10.3,,napiesh01
155,Jarrett Culver,20,MIN,SG,63,35,23.9,3.7,9.0,.404,1.0,3.5,.299,2.6,5.5,.471,.462,0.9,1.9,.462,1.1,2.3,3.4,1.7,0.9,0.6,1.3,2.0,9.2,,culveja01
156,Austin Rivers,27,HOU,SG,68,4,23.4,3.1,7.4,.421,1.4,4.0,.356,1.7,3.4,.498,.517,1.1,1.6,.703,0.4,2.2,2.6,1.7,0.7,0.1,0.7,1.9,8.8,,riverau01
157,Derrick Jones Jr.,22,MIA,SF,59,16,23.3,3.1,5.9,.527,0.6,2.2,.280,2.5,3.7,.677,.580,1.6,2.1,.772,1.1,2.8,3.9,1.1,1.0,0.6,0.5,2.2,8.5,,jonesde02
158,Kevin Porter Jr.,19,CLE,SF,50,3,23.2,3.7,8.4,.442,1.1,3.2,.335,2.7,5.3,.506,.505,1.5,2.0,.723,0.4,2.8,3.2,2.2,0.9,0.3,1.9,2.7,10.0,,porteke02
159,Mitchell Robinson,21,NYK,C,61,7,23.1,4.1,5.6,.742,0.0,0.0,,4.1,5.6,.742,.742,1.4,2.4,.568,3.0,4.0,7.0,0.6,0.9,2.0,0.6,3.2,9.7,,robinmi01
160,Cody Zeller,27,CHO,C,58,39,23.1,4.3,8.3,.524,0.3,1.3,.240,4.0,7.0,.577,.543,2.1,3.1,.682,2.8,4.3,7.1,1.5,0.7,0.4,1.3,2.4,11.1,,zelleco01
161,Donte DiVincenzo,23,MIL,SG,66,24,23.0,3.5,7.7,.455,1.3,3.7,.336,2.3,4.0,.567,.536,1.0,1.3,.733,1.0,3.8,4.8,2.3,1.3,0.3,1.4,1.7,9.2,,divindo01
162,Maurice Harkless,26,2TM,PF,62,48,23.0,2.3,4.6,.502,0.5,1.6,.347,1.7,3.0,.584,.562,0.6,1.1,.591,0.9,3.0,3.9,1.1,0.9,0.5,0.9,2.4,5.8,,harklma01
163,Ben McLemore,26,HOU,SF,71,23,22.8,3.4,7.7,.444,2.5,6.4,.400,0.9,1.3,.656,.610,0.7,0.9,.746,0.3,1.9,2.2,0.8,0.6,0.2,0.7,2.2,10.1,,mclembe01
164,Svi Mykhailiuk,22,DET,SF,56,27,22.6,3.0,7.2,.410,2.1,5.1,.404,0.9,2.1,.425,.552,1.0,1.3,.814,0.3,1.6,1.9,1.9,0.7,0.1,1.1,1.6,9.0,,mykhasv01
165,Patty Mills,31,SAS,PG,66,1,22.5,3.9,9.1,.431,2.3,6.1,.382,1.6,3.0,.533,.560,1.5,1.7,.866,0.3,1.3,1.6,1.8,0.8,0.1,0.8,1.6,11.6,,millspa02
166,Terrance Ferguson,21,OKC,SF,56,38,22.4,1.4,3.9,.355,0.9,3.0,.292,0.5,0.9,.558,.466,0.3,0.4,.750,0.4,0.9,1.3,0.9,0.5,0.3,0.6,2.8,3.9,,fergute01
167,Brandon Clarke,23,MEM,PF,58,4,22.4,5.1,8.3,.618,0.4,1.1,.359,4.7,7.2,.658,.642,1.5,1.9,.759,1.6,4.4,5.9,1.4,0.6,0.8,0.9,1.7,12.1,ROY-4,clarkbr01
168,Monte Morris,24,DEN,PG,73,12,22.4,3.6,7.8,.459,0.9,2.4,.378,2.7,5.4,.495,.517,1.0,1.2,.843,0.3,1.5,1.9,3.5,0.8,0.2,0.7,1.0,9.0,,morrimo01
169,Jordan Poole,20,GSW,SG,57,14,22.4,2.9,8.8,.333,1.3,4.6,.279,1.6,4.2,.392,.406,1.7,2.1,.798,0.2,1.9,2.1,2.4,0.6,0.2,1.3,1.6,8.8,,poolejo01
170,DeAndre Jordan,31,BRK,C,56,6,22.0,3.4,5.1,.666,0.0,0.0,,3.4,5.1,.666,.666,1.5,2.2,.680,2.5,7.5,10.0,1.9,0.3,0.9,1.3,2.0,8.3,,jordade01
171,Cameron Johnson,23,PHO,PF,57,9,22.0,3.1,7.1,.435,1.9,4.8,.390,1.2,2.3,.526,.565,0.8,1.0,.807,0.9,2.4,3.3,1.2,0.6,0.4,0.6,1.5,8.8,,johnsca02
172,Malik Beasley,23,2TM,SG,55,14,22.0,4.1,9.7,.425,1.9,5.0,.388,2.2,4.7,.465,.525,1.0,1.2,.818,0.3,2.4,2.7,1.4,0.7,0.1,1.0,1.4,11.2,,beaslma01
173,Gary Trent Jr.,21,POR,SF,61,8,21.8,3.2,7.2,.444,1.8,4.4,.418,1.4,2.8,.486,.571,0.6,0.7,.822,0.4,1.2,1.6,1.0,0.8,0.3,0.3,1.5,8.9,,trentga02
174,Rudy Gay,33,SAS,PF,67,5,21.8,4.0,8.9,.446,1.1,3.3,.336,2.9,5.6,.511,.508,1.8,2.0,.882,0.9,4.5,5.4,1.7,0.5,0.5,1.3,1.5,10.8,,gayru01
175,Furkan Korkmaz,22,PHI,SG,72,12,21.7,3.4,7.8,.430,2.0,4.9,.402,1.4,2.9,.478,.557,1.1,1.4,.755,0.3,2.1,2.3,1.1,0.6,0.2,0.8,1.4,9.8,,korkmfu01
176,George Hill,33,MIL,PG,59,2,21.5,3.3,6.4,.516,1.4,3.0,.460,1.9,3.4,.565,.624,1.4,1.7,.842,0.8,2.2,3.0,3.1,0.8,0.1,1.0,1.4,9.4,6MOY-4,hillge01
177,Delon Wright,27,DAL,PG,73,5,21.5,2.6,5.6,.462,0.6,1.7,.370,2.0,3.9,.504,.519,1.1,1.4,.770,1.0,2.9,3.8,3.3,1.2,0.3,1.0,1.3,6.9,,wrighde01
178,Christian Wood,24,DET,PF,62,12,21.4,4.6,8.2,.567,0.9,2.3,.386,3.8,5.9,.636,.620,2.9,3.9,.744,1.7,4.6,6.3,1.0,0.5,0.9,1.4,1.6,13.1,6MOY-4,woodch01
179,Malik Monk,21,CHO,SG,55,1,21.3,3.9,8.9,.434,1.1,3.7,.284,2.8,5.2,.542,.494,1.5,1.8,.820,0.5,2.4,2.9,2.1,0.5,0.3,1.4,1.3,10.3,,monkma01
180,Bobby Portis,24,NYK,PF,66,5,21.1,4.0,8.9,.450,1.0,2.8,.358,3.0,6.1,.493,.507,1.1,1.4,.763,1.2,3.9,5.1,1.5,0.5,0.3,1.1,1.7,10.1,,portibo01
181,Frank Ntilikina,21,NYK,PG,57,26,20.8,2.3,5.8,.393,0.8,2.4,.321,1.5,3.4,.444,.459,0.9,1.0,.864,0.4,1.7,2.1,3.0,0.9,0.3,1.2,2.5,6.3,,ntilila01
182,JaMychal Green,29,LAC,PF,63,1,20.7,2.4,5.6,.429,1.5,3.8,.387,0.9,1.8,.518,.560,0.6,0.8,.750,1.2,4.9,6.2,0.8,0.5,0.4,0.9,2.8,6.8,,greenja01
183,Anfernee Simons,20,POR,SG,70,4,20.7,3.1,7.7,.399,1.1,3.2,.332,2.0,4.4,.448,.469,1.1,1.3,.826,0.4,1.8,2.2,1.4,0.4,0.1,0.9,1.9,8.3,,simonan01
184,Markieff Morris,30,2TM,PF,58,17,20.5,3.5,7.9,.443,1.5,3.9,.386,2.0,4.0,.500,.539,1.1,1.5,.776,0.7,3.1,3.8,1.3,0.5,0.3,1.3,2.3,9.7,,morrima02
185,Willie Cauley-Stein,26,2TM,C,54,39,20.3,3.2,5.6,.579,0.0,0.0,.000,3.2,5.6,.581,.579,0.7,1.2,.606,1.6,4.3,5.8,1.3,0.9,1.1,0.7,2.2,7.2,,caulewi01
186,Marquese Chriss,22,GSW,PF,59,21,20.3,3.6,6.5,.545,0.1,0.7,.205,3.4,5.9,.584,.556,2.0,2.6,.769,1.9,4.3,6.2,1.9,0.7,1.1,1.3,2.1,9.3,,chrisma01
187,Trey Lyles,24,SAS,PF,63,53,20.2,2.4,5.4,.446,1.0,2.7,.387,1.4,2.8,.503,.541,0.5,0.7,.733,1.1,4.6,5.7,1.1,0.4,0.4,0.6,1.6,6.4,,lylestr01
188,Doug McDermott,28,IND,PF,69,0,19.9,3.9,7.9,.488,1.9,4.3,.435,2.0,3.7,.549,.605,0.7,0.8,.828,0.4,2.1,2.5,1.1,0.2,0.1,0.6,1.7,10.3,,mcderdo01
189,Kyle Anderson,26,MEM,SF,67,28,19.9,2.3,4.9,.474,0.4,1.3,.282,2.0,3.7,.541,.511,0.8,1.2,.667,0.9,3.4,4.3,2.4,0.8,0.6,1.0,1.7,5.8,,anderky01
190,Matisse Thybulle,22,PHI,SG,65,14,19.8,1.7,4.1,.423,0.9,2.4,.357,0.9,1.7,.519,.528,0.4,0.6,.610,0.7,1.0,1.6,1.2,1.4,0.7,0.8,2.2,4.7,,thybuma01
191,Marvin Williams,33,2TM,PF,58,1,19.5,2.1,4.6,.446,1.0,2.7,.359,1.1,1.9,.568,.551,0.8,1.0,.860,0.5,2.6,3.2,1.0,0.6,0.5,0.6,1.8,5.9,,willima02
192,De'Anthony Melton,21,MEM,PG,60,8,19.5,2.7,6.7,.401,0.7,2.3,.286,2.0,4.4,.464,.451,1.6,2.0,.769,0.7,3.0,3.7,2.9,1.3,0.3,1.4,1.8,7.6,,meltode01
193,Bismack Biyombo,27,CHO,C,53,29,19.4,2.8,5.2,.543,0.0,0.0,,2.8,5.2,.543,.543,1.7,2.8,.603,2.3,3.5,5.8,0.9,0.2,0.9,0.9,2.2,7.4,,biyombi01
194,Kelly Olynyk,28,MIA,C,67,9,19.4,2.7,5.9,.462,1.4,3.5,.406,1.3,2.4,.543,.582,1.3,1.5,.860,0.7,3.9,4.6,1.7,0.7,0.3,1.1,2.6,8.2,,olynyke01
195,Brad Wanamaker,30,BOS,PG,71,1,19.3,2.3,5.1,.448,0.5,1.4,.363,1.8,3.7,.481,.499,1.8,1.9,.926,0.3,1.7,2.0,2.5,0.9,0.2,1.1,1.9,6.9,,wanambr01
196,Tyus Jones,23,MEM,PG,65,6,19.0,3.0,6.6,.459,0.7,1.9,.379,2.3,4.7,.492,.514,0.7,0.9,.741,0.1,1.4,1.6,4.4,0.9,0.1,0.8,0.7,7.4,,jonesty01
197,Isaac Bonga,20,WAS,SF,66,49,18.9,1.8,3.5,.504,0.4,1.1,.352,1.4,2.5,.571,.558,1.0,1.3,.812,1.1,2.3,3.4,1.2,0.7,0.3,0.9,2.4,5.0,,bongais01
198,Dwight Howard,34,LAL,C,69,2,18.9,2.9,4.0,.729,0.0,0.1,.600,2.9,3.9,.732,.735,1.6,3.1,.514,2.5,4.9,7.3,0.7,0.4,1.1,1.2,3.2,7.5,6MOY-9,howardw01
199,Cody Martin,24,CHO,SF,48,3,18.8,1.9,4.3,.430,0.4,1.6,.234,1.5,2.7,.546,.473,0.9,1.4,.646,0.8,2.5,3.3,2.0,0.8,0.2,0.9,1.6,5.0,,martico01
200,Rondae Hollis-Jefferson,25,TOR,PF,60,6,18.7,2.6,5.5,.471,0.1,0.4,.130,2.5,5.1,.497,.476,1.8,2.4,.734,1.8,2.9,4.7,1.8,0.8,0.4,1.0,1.9,7.0,,holliro01
201,T.J. McConnell,27,IND,PG,71,3,18.7,3.0,5.8,.516,0.1,0.2,.294,2.9,5.5,.525,.522,0.5,0.6,.833,0.5,2.1,2.7,5.0,0.8,0.2,1.4,1.0,6.5,,mccontj01
202,Pat Connaughton,27,MIL,SG,67,4,18.6,2.0,4.5,.455,0.8,2.5,.331,1.2,2.0,.607,.547,0.5,0.6,.775,0.9,3.3,4.2,1.6,0.4,0.5,0.8,1.0,5.4,,connapa01
203,Darius Bazley,19,OKC,PF,61,9,18.5,2.0,5.2,.394,0.8,2.3,.348,1.2,2.9,.432,.472,0.7,1.0,.694,0.5,3.5,4.0,0.7,0.4,0.7,0.7,0.9,5.6,,bazleda01
204,Torrey Craig,29,DEN,SF,58,27,18.5,2.1,4.6,.461,0.8,2.4,.326,1.4,2.3,.603,.545,0.4,0.6,.611,1.1,2.2,3.3,0.8,0.4,0.6,0.4,2.3,5.4,,craigto01
205,Nerlens Noel,25,OKC,C,61,7,18.5,3.0,4.4,.684,0.0,0.0,.333,3.0,4.4,.688,.686,1.3,1.7,.755,1.5,3.4,4.9,0.9,1.0,1.5,1.1,2.7,7.4,,noelne01
206,Solomon Hill,28,2TM,PF,59,4,18.4,1.9,4.7,.396,1.1,2.9,.368,0.8,1.8,.439,.509,0.7,0.9,.741,0.5,2.3,2.8,1.8,0.7,0.2,0.9,1.4,5.5,,hillso01
207,Ivica Zubac,22,LAC,C,72,70,18.4,3.3,5.3,.613,0.0,0.0,.000,3.3,5.3,.616,.613,1.7,2.3,.747,2.7,4.8,7.5,1.1,0.2,0.9,0.8,2.3,8.3,,zubaciv01
208,Alex Caruso,25,LAL,PG,64,2,18.4,1.9,4.5,.412,0.6,1.9,.333,1.3,2.7,.468,.481,1.1,1.5,.734,0.3,1.7,1.9,1.9,1.1,0.3,0.8,1.5,5.5,,carusal01
209,James Ennis III,29,2TM,SG,69,18,18.3,2.3,5.2,.446,0.8,2.4,.325,1.5,2.8,.553,.522,1.1,1.4,.806,1.0,2.5,3.6,0.9,0.5,0.3,0.8,2.0,6.6,,ennisja01
210,Wes Iwundu,25,ORL,SF,52,21,18.3,1.9,4.5,.416,0.5,1.6,.341,1.3,2.9,.457,.476,1.5,1.9,.804,0.5,2.1,2.5,1.2,0.5,0.3,0.5,1.5,5.8,,iwundwe01
211,E'Twaun Moore,30,NOP,SG,56,6,18.2,3.3,7.8,.426,1.1,3.0,.377,2.2,4.8,.456,.498,0.6,0.8,.689,0.6,1.8,2.3,1.4,0.6,0.2,0.7,1.4,8.3,,mooreet01
212,Omari Spellman,22,GSW,C,49,3,18.1,2.6,6.0,.431,0.9,2.2,.391,1.7,3.8,.454,.503,1.5,1.9,.793,1.6,2.9,4.5,1.0,0.7,0.5,1.1,1.3,7.6,,spellom01
213,Kevin Knox,20,NYK,SF,65,4,17.9,2.2,6.2,.359,1.0,3.1,.327,1.2,3.1,.391,.440,1.0,1.6,.653,0.4,2.4,2.8,0.9,0.4,0.4,0.7,1.6,6.4,,knoxke01
214,Jalen Brunson,23,DAL,PG,57,16,17.9,3.2,6.8,.466,0.8,2.1,.358,2.4,4.7,.515,.522,1.1,1.3,.813,0.4,2.0,2.4,3.3,0.4,0.1,1.2,1.3,8.2,,brunsja01
215,Mike Scott,31,PHI,PF,68,11,17.8,2.2,5.1,.426,1.2,3.2,.369,1.0,2.0,.519,.540,0.4,0.5,.811,1.0,2.7,3.6,0.8,0.3,0.1,0.4,1.4,6.0,,scottmi01
216,Jakob Poeltl,24,SAS,C,66,18,17.7,2.5,4.0,.624,0.0,0.0,,2.5,4.0,.624,.624,0.6,1.3,.465,2.0,3.7,5.7,1.8,0.6,1.4,0.8,1.9,5.6,,poeltja01
217,Alex Len,26,2TM,C,55,12,17.6,3.2,5.8,.555,0.3,1.1,.271,2.9,4.7,.619,.580,1.2,1.9,.648,1.8,4.0,5.8,0.9,0.4,0.9,1.0,2.3,8.0,,lenal01
218,Damyean Dotson,25,NYK,SG,48,0,17.4,2.5,6.0,.414,1.2,3.4,.362,1.3,2.6,.480,.516,0.5,0.7,.667,0.2,1.7,1.9,1.2,0.5,0.1,0.4,0.9,6.7,,dotsoda01
219,Gorgui Dieng,30,2TM,C,63,17,17.4,2.6,5.8,.456,0.9,2.4,.355,1.8,3.4,.528,.530,1.2,1.6,.772,1.4,4.2,5.6,1.2,0.8,0.9,1.0,2.0,7.4,,dienggo01
220,Nicolò Melli,29,NOP,C,60,8,17.4,2.3,5.4,.421,1.2,3.4,.335,1.1,2.0,.573,.528,0.9,1.2,.740,0.6,2.4,3.0,1.4,0.6,0.4,0.8,2.1,6.6,,mellini01
221,Mason Plumlee,29,DEN,C,61,1,17.3,2.9,4.7,.615,0.0,0.1,.000,2.9,4.6,.625,.615,1.4,2.5,.535,1.6,3.6,5.2,2.5,0.5,0.6,1.3,2.3,7.2,,plumlma01
222,Enes Freedom,27,BOS,C,58,7,16.9,3.4,6.0,.572,0.0,0.1,.143,3.4,5.9,.581,.573,1.2,1.7,.707,2.8,4.6,7.4,1.0,0.4,0.7,1.0,1.7,8.1,,kanteen01
223,Treveon Graham,26,2TM,SF,55,20,16.9,1.6,4.4,.360,0.6,2.2,.275,1.0,2.2,.443,.428,0.7,1.0,.643,0.9,1.8,2.7,0.8,0.4,0.1,0.5,1.9,4.4,,grahatr01
224,Jaxson Hayes,19,NOP,C,64,14,16.9,2.7,4.0,.672,0.0,0.1,.250,2.7,4.0,.678,.674,1.9,3.0,.647,1.5,2.5,4.0,0.9,0.4,0.9,0.8,2.5,7.4,,hayesja02
225,Terence Davis,22,TOR,SG,72,4,16.8,2.8,6.1,.456,1.3,3.4,.388,1.5,2.7,.541,.564,0.7,0.8,.864,0.7,2.6,3.3,1.6,0.5,0.2,1.1,1.7,7.5,ROY-6,daviste02
226,JaVale McGee,32,LAL,C,68,68,16.6,2.9,4.5,.637,0.0,0.1,.500,2.8,4.4,.640,.642,0.8,1.2,.646,1.8,3.9,5.7,0.5,0.5,1.4,0.8,2.3,6.6,,mcgeeja01
227,Kyle Korver,38,MIL,SF,58,1,16.6,2.2,5.1,.430,1.7,4.1,.418,0.5,1.0,.482,.599,0.6,0.7,.854,0.3,1.8,2.1,1.2,0.4,0.2,0.8,1.3,6.7,,korveky01
228,Taj Gibson,34,NYK,C,62,56,16.5,2.7,4.6,.584,0.1,0.2,.286,2.6,4.4,.599,.591,0.7,0.9,.732,1.8,2.5,4.3,0.8,0.4,0.5,0.8,2.0,6.1,,gibsota01
229,Mario Hezonja,24,POR,PF,53,4,16.4,1.7,4.1,.422,0.5,1.5,.308,1.3,2.6,.486,.477,0.9,1.1,.814,0.6,2.9,3.5,0.9,0.7,0.2,0.8,2.0,4.8,,hezonma01
230,Michael Porter Jr.,21,DEN,SF,55,8,16.4,3.5,7.0,.509,1.1,2.7,.422,2.4,4.3,.564,.590,1.1,1.3,.833,1.2,3.5,4.7,0.8,0.5,0.5,0.9,1.8,9.3,,portemi01
231,Jevon Carter,24,PHO,PG,58,2,16.3,1.7,4.2,.416,1.1,2.5,.425,0.7,1.7,.402,.543,0.4,0.5,.852,0.5,1.5,2.0,1.4,0.8,0.3,0.6,1.5,4.9,,carteje01
232,Lonnie Walker IV,21,SAS,SG,61,12,16.2,2.5,5.9,.426,0.7,1.7,.406,1.8,4.2,.434,.483,0.7,1.0,.721,0.4,1.9,2.3,1.1,0.5,0.2,0.7,1.3,6.4,,walkelo01
233,Damian Jones,24,ATL,C,55,27,16.1,2.2,3.2,.680,0.0,0.2,.222,2.2,3.1,.704,.685,1.1,1.5,.738,1.3,2.4,3.7,0.6,0.5,0.7,0.5,2.7,5.6,,jonesda03
234,Justin Jackson,24,DAL,PF,65,3,16.1,2.1,5.2,.396,0.7,2.5,.294,1.3,2.7,.489,.466,0.6,0.8,.840,0.4,2.0,2.4,0.8,0.2,0.2,0.2,1.1,5.5,,jacksju01
235,Ryan Arcidiacono,25,CHI,PG,58,4,16.0,1.6,3.8,.409,0.9,2.4,.391,0.6,1.4,.439,.532,0.5,0.7,.711,0.3,1.6,1.9,1.7,0.5,0.1,0.6,1.7,4.5,,arcidry01
236,Anthony Tolliver,34,3TM,PF,55,13,15.9,1.2,3.3,.357,0.9,2.6,.338,0.3,0.7,.432,.492,0.4,0.5,.724,0.6,2.2,2.8,0.8,0.3,0.2,0.6,1.3,3.6,,tollian01
237,Abdel Nader,26,OKC,SF,55,6,15.8,2.2,4.8,.468,0.9,2.3,.375,1.4,2.5,.556,.559,0.9,1.2,.773,0.3,1.6,1.8,0.7,0.4,0.4,0.8,1.4,6.3,,naderab01
238,Emmanuel Mudiay,23,UTA,PG,54,2,15.7,2.8,6.1,.462,0.6,1.6,.345,2.2,4.4,.504,.508,1.2,1.5,.759,0.3,2.0,2.3,2.1,0.4,0.2,1.4,1.3,7.3,,mudiaem01
239,Ersan İlyasova,32,MIL,PF,63,8,15.7,2.3,5.0,.466,0.8,2.2,.365,1.5,2.8,.545,.546,1.1,1.4,.828,1.0,3.8,4.8,0.8,0.4,0.3,0.5,1.5,6.6,,ilyaser01
240,Rodney McGruder,28,LAC,SG,56,4,15.6,1.3,3.2,.398,0.4,1.6,.270,0.9,1.6,.522,.464,0.3,0.6,.559,0.5,2.2,2.7,0.6,0.5,0.1,0.4,1.3,3.3,,mcgruro01
241,Jerome Robinson,22,2TM,SG,63,6,15.5,1.8,4.9,.371,0.8,2.4,.320,1.0,2.5,.420,.450,0.6,0.9,.702,0.2,1.8,2.0,1.4,0.4,0.3,0.8,1.8,5.1,,robinje01
242,Marco Belinelli,33,SAS,SG,57,0,15.5,2.2,5.5,.392,1.2,3.1,.376,1.0,2.4,.412,.498,0.8,1.0,.828,0.1,1.6,1.7,1.2,0.2,0.0,0.3,0.8,6.3,,belinma01
243,Grant Williams,21,BOS,PF,69,5,15.1,1.3,3.1,.412,0.3,1.4,.250,0.9,1.7,.548,.469,0.6,0.8,.722,0.9,1.7,2.6,1.0,0.4,0.5,0.7,2.4,3.4,,willigr01
244,Sterling Brown,24,MIL,SF,52,1,14.8,1.8,4.9,.371,0.8,2.6,.324,1.0,2.3,.425,.457,0.6,0.8,.800,0.6,2.9,3.5,1.0,0.6,0.1,0.8,1.0,5.1,,brownst02
245,Semi Ojeleye,25,BOS,PF,69,6,14.7,1.2,2.8,.408,0.7,1.8,.378,0.5,1.0,.464,.531,0.4,0.5,.875,0.4,1.7,2.1,0.5,0.3,0.1,0.3,1.2,3.4,,ojelese01
246,Vince Carter,43,ATL,PF,60,0,14.6,1.8,5.1,.352,1.0,3.4,.302,0.8,1.7,.451,.452,0.4,0.5,.793,0.3,1.8,2.1,0.8,0.4,0.4,0.6,1.5,5.0,,cartevi01
247,Robin Lopez,31,MIL,C,66,5,14.5,2.2,4.5,.492,0.5,1.6,.333,1.7,2.9,.577,.550,0.4,0.8,.528,0.8,1.6,2.4,0.7,0.2,0.7,1.0,1.5,5.4,,lopezro01
248,Matthew Dellavedova,29,CLE,PG,57,4,14.4,1.1,3.1,.354,0.4,1.6,.231,0.7,1.5,.488,.414,0.6,0.6,.865,0.3,1.0,1.3,3.2,0.4,0.0,1.0,1.4,3.1,,dellama01
249,Mo Bamba,21,ORL,C,62,0,14.2,2.1,4.6,.462,0.6,1.7,.346,1.5,2.9,.531,.526,0.5,0.7,.674,1.6,3.3,4.9,0.7,0.4,1.4,0.7,1.9,5.4,,bambamo01
250,Georges Niang,26,UTA,PF,66,1,14.0,2.1,4.9,.438,1.4,3.4,.400,0.8,1.5,.526,.578,0.3,0.4,.833,0.2,1.7,1.9,0.7,0.3,0.1,0.5,1.1,5.9,,niangge01
251,Frank Jackson,21,NOP,PG,59,2,13.5,2.3,5.6,.405,0.8,2.4,.326,1.5,3.2,.465,.476,0.9,1.3,.747,0.4,1.0,1.4,1.0,0.3,0.1,0.8,1.3,6.3,,jacksfr01
252,Chris Boucher,27,TOR,C,62,0,13.2,2.3,4.8,.472,0.6,1.9,.322,1.7,2.9,.569,.535,1.5,1.9,.784,1.7,2.7,4.5,0.4,0.4,1.0,0.5,1.8,6.6,,bouchch01
253,Patrick Patterson,30,LAC,PF,59,18,13.2,1.6,3.9,.408,1.1,2.9,.390,0.5,1.0,.459,.552,0.6,0.7,.814,0.6,2.0,2.6,0.7,0.1,0.1,0.4,0.9,4.9,,pattepa01
254,Elie Okobo,22,PHO,PG,55,3,13.1,1.3,3.3,.398,0.5,1.3,.352,0.9,2.0,.427,.467,0.9,1.3,.704,0.3,1.3,1.6,2.1,0.4,0.1,0.7,1.0,4.0,,okoboel01
255,Thon Maker,22,DET,C,60,14,12.9,1.6,3.2,.482,0.4,1.1,.344,1.2,2.2,.550,.539,1.2,1.8,.664,0.9,1.9,2.8,0.7,0.4,0.7,0.8,1.7,4.7,,makerth01
256,Bruno Fernando,21,ATL,C,56,13,12.7,1.8,3.6,.518,0.1,0.7,.135,1.8,2.9,.605,.530,0.5,0.9,.569,1.2,2.3,3.5,0.9,0.3,0.3,0.8,1.9,4.3,,fernabr01
257,Raul Neto,27,PHI,PG,54,3,12.4,1.9,4.1,.455,0.6,1.6,.386,1.2,2.5,.500,.532,0.7,0.9,.830,0.2,0.9,1.1,1.8,0.4,0.1,0.9,0.9,5.1,,netora01
258,Tony Bradley,22,UTA,C,58,3,11.4,2.2,3.3,.667,0.1,0.1,1.000,2.1,3.2,.661,.675,0.5,0.8,.652,1.9,2.7,4.6,0.4,0.2,0.6,0.5,2.0,4.9,,bradlto01
259,Goga Bitadze,20,IND,C,54,2,8.7,1.3,2.8,.467,0.1,0.8,.190,1.1,2.0,.574,.493,0.4,0.6,.727,0.5,1.5,2.0,0.4,0.2,0.7,0.5,1.2,3.2,,bitadgo01
,League Average,,,,,,,,,.460,,,.358,,,.524,.529,,,.773,,,,,,,,,,,-9999